271 1 0 1
7 1 0 2
28 1 0 3
32 1 0 4
474 1 0 5
485 1 0 6
23 1 0 7
680 1 0 8
330 1 0 9
30 1 0 10
360 1 0 11
369 1 0 12
525 1 0 13
232 1 0 14
162 1 0 15
777 1 0 16
534 1 0 17
436 1 0 18
519 1 0 19
348 1 0 20
395 1 0 21
53 1 0 22
345 1 0 23
67 1 0 24
551 1 0 25
248 1 0 26
414 1 0 27
613 1 0 28
145 1 0 29
204 1 0 30
596 1 0 31
755 1 0 32
211 1 0 33
423 1 0 34
670 1 0 35
728 1 0 36
343 1 30 1
45 1 30 4
303 1 60 4
124 1 90 4
649 1 30 6
754 1 30 7
289 1 30 9
726 1 60 9
787 1 90 9
314 1 30 10
68 1 60 10
287 1 90 10
546 1 30 13
386 1 60 13
310 1 90 13
607 1 30 17
221 1 60 17
136 1 90 17
213 1 30 19
634 1 60 19
478 1 90 19
633 1 30 20
69 1 60 20
708 1 90 20
693 1 90 23
752 1 30 25
270 1 30 26
135 1 30 28
600 1 60 28
26 1 90 28
492 1 90 30
123 1 30 33
113 1 90 35
261 1 30 36
259 1 60 36
119 1 90 36
146 2 0 1
396 2 0 2
361 2 0 3
8 2 0 4
597 2 0 5
475 2 0 6
424 2 0 7
676 2 0 8
499 2 0 9
163 2 0 10
300 2 0 11
495 2 0 12
507 2 0 13
249 2 0 14
347 2 0 15
738 2 0 16
301 2 0 17
225 2 0 18
641 2 0 19
681 2 0 20
582 2 0 21
88 2 0 22
442 2 0 23
437 2 0 24
233 2 0 25
387 2 0 26
520 2 0 27
749 2 0 28
319 2 0 29
614 2 0 30
461 2 0 31
392 2 0 32
332 2 0 33
554 2 0 34
542 2 0 35
47 2 0 36
671 2 90 8
727 2 30 9
312 2 60 9
602 2 90 9
42 2 30 11
29 2 60 11
720 2 90 11
737 2 30 15
517 2 30 16
489 2 60 16
311 2 90 16
521 2 30 18
329 2 60 18
714 2 90 18
723 2 90 21
779 2 30 28
759 2 60 28
577 2 90 28
15 2 30 29
664 2 60 29
313 2 90 29
331 2 90 30
659 2 30 32
250 3 0 1
147 3 0 2
362 3 0 3
388 3 0 4
9 3 0 5
496 3 0 6
598 3 0 7
89 3 0 8
476 3 0 9
164 3 0 10
80 3 0 11
214 3 0 12
337 3 0 13
288 3 0 14
302 3 0 15
543 3 0 16
696 3 0 17
504 3 0 18
97 3 0 19
509 3 0 20
100 3 0 21
170 3 0 22
608 3 0 23
203 3 0 24
384 3 0 25
344 3 0 26
709 3 0 27
10 3 0 28
640 3 0 29
294 3 0 30
279 3 0 31
36 3 0 32
465 3 0 33
647 3 0 34
773 3 0 35
566 3 0 36
724 3 0 37
217 3 0 38
166 3 30 11
224 3 90 14
70 3 30 15
292 3 30 18
38 3 60 18
25 3 90 18
394 3 30 22
704 3 60 22
153 3 90 22
599 3 90 23
619 3 90 24
226 3 30 26
202 3 30 29
648 3 60 29
349 3 90 29
589 3 30 34
497 4 0 1
389 4 0 2
251 4 0 3
363 4 0 4
477 4 0 5
90 4 0 6
567 4 0 7
697 4 0 8
725 4 0 9
544 4 0 10
385 4 0 11
165 4 0 12
710 4 0 13
466 4 0 14
378 4 0 15
283 4 0 16
27 4 0 17
98 4 0 18
729 4 0 19
284 4 0 20
368 4 0 21
230 4 0 22
295 4 0 23
189 4 0 24
290 4 0 25
370 4 0 26
397 4 0 27
510 4 0 28
715 4 0 29
401 4 0 30
61 4 0 31
535 4 0 32
605 4 0 33
277 4 0 34
553 4 30 12
547 4 60 12
620 4 90 12
643 4 30 15
46 4 30 16
169 4 60 16
590 4 90 16
493 4 30 17
494 4 60 17
555 4 90 17
722 4 30 19
472 4 60 19
101 4 90 19
415 4 30 21
735 4 60 21
17 4 90 21
601 4 30 32
379 4 60 32
753 4 90 32
91 5 0 1
498 5 0 2
291 5 0 3
231 5 0 4
99 5 0 5
730 5 0 6
698 5 0 7
190 5 0 8
371 5 0 9
606 5 0 10
398 5 0 11
568 5 0 12
511 5 0 13
711 5 0 14
402 5 0 15
450 5 0 16
324 5 0 17
541 5 0 18
328 5 0 19
377 5 0 20
774 5 0 21
364 5 0 22
526 5 0 23
400 5 0 24
628 5 0 25
462 5 0 26
716 5 0 27
536 5 0 28
272 5 0 29
22 5 0 30
278 5 0 31
304 5 0 32
748 5 0 33
609 5 0 34
205 5 0 35
731 5 30 6
750 5 30 12
721 5 60 12
126 5 90 12
215 5 90 16
158 5 30 20
688 5 60 20
644 5 90 20
435 5 30 21
751 5 60 21
756 5 90 21
451 5 30 24
635 5 60 24
699 6 0 1
399 6 0 2
712 6 0 3
569 6 0 4
191 6 0 5
403 6 0 6
537 6 0 7
512 6 0 8
717 6 0 9
372 6 0 10
527 6 0 11
365 6 0 12
463 6 0 13
273 6 0 14
325 6 0 15
685 6 0 16
168 6 0 17
333 6 0 18
661 6 0 19
31 6 0 20
615 6 0 21
548 6 0 22
775 6 0 23
513 6 0 24
73 6 0 25
578 6 0 26
654 6 0 27
610 6 0 28
154 6 0 29
183 6 0 30
220 6 0 31
156 6 30 4
636 6 30 16
626 6 60 16
621 6 90 16
33 6 30 17
380 6 60 17
765 6 90 17
305 6 90 19
456 6 90 20
274 7 0 1
326 7 0 2
528 7 0 3
373 7 0 4
718 7 0 5
464 7 0 6
366 7 0 7
192 7 0 8
404 7 0 9
579 7 0 10
514 7 0 11
74 7 0 12
458 7 0 13
218 7 0 14
346 7 0 15
334 7 0 16
646 7 0 17
686 7 0 18
208 7 0 19
538 7 0 20
121 7 0 21
776 7 0 22
650 7 0 23
155 7 0 24
71 7 0 25
137 7 0 26
216 7 0 27
212 7 0 28
416 7 0 29
103 7 0 30
611 7 0 31
75 7 30 1
82 7 60 1
705 7 90 1
161 7 30 12
662 7 60 12
341 7 90 12
83 7 90 15
785 7 30 17
393 7 60 17
786 7 90 17
37 7 90 23
174 7 90 24
655 7 30 25
276 7 30 27
262 7 60 27
645 7 90 27
81 7 30 28
531 7 60 28
532 7 90 28
367 8 0 1
719 8 0 2
193 8 0 3
327 8 0 4
417 8 0 5
209 8 0 6
138 8 0 7
515 8 0 8
104 8 0 9
239 8 0 10
612 8 0 11
603 8 0 12
580 8 0 13
799 8 0 14
757 8 0 15
335 8 0 16
663 8 0 17
374 8 0 18
460 8 0 19
108 8 0 20
766 8 0 21
539 8 0 22
122 8 0 23
768 8 0 24
549 8 0 25
713 8 0 26
336 8 0 27
739 8 0 28
443 8 0 29
219 8 0 30
438 8 0 31
109 8 30 4
237 8 60 4
540 8 90 4
533 8 30 7
570 8 90 11
175 8 30 15
260 8 60 15
24 8 90 15
114 8 90 17
706 8 30 18
707 8 30 20
238 8 90 22
120 8 30 27
758 8 60 27
702 8 30 29
194 9 0 1
800 9 0 2
439 9 0 3
767 9 0 4
550 9 0 5
139 9 0 6
418 9 0 7
210 9 0 8
769 9 0 9
444 9 0 10
740 9 0 11
604 9 0 12
516 9 0 13
581 9 0 14
105 9 0 15
591 9 0 16
111 9 0 17
412 9 0 18
234 9 0 19
616 9 0 20
143 9 0 21
677 9 0 22
560 9 0 23
253 9 0 24
672 9 0 25
1 9 0 26
736 9 0 27
522 9 0 28
687 9 0 29
405 9 0 30
629 9 0 31
172 9 30 10
780 9 30 21
479 9 30 24
173 9 60 24
195 10 0 1
2 10 0 2
741 10 0 3
592 10 0 4
440 10 0 5
617 10 0 6
140 10 0 7
678 10 0 8
112 10 0 9
770 10 0 10
235 10 0 11
413 10 0 12
673 10 0 13
419 10 0 14
523 10 0 15
630 10 0 16
561 10 0 17
72 10 0 18
556 10 0 19
263 10 0 20
473 10 0 21
390 10 0 22
176 10 0 23
406 10 0 24
184 10 0 25
264 10 0 26
350 10 0 27
85 10 0 28
642 10 0 29
529 10 0 30
631 10 30 16
679 10 60 16
381 10 30 18
632 11 0 1
618 11 0 2
593 11 0 3
185 11 0 4
265 11 0 5
391 11 0 6
771 11 0 7
236 11 0 8
524 11 0 9
441 11 0 10
141 11 0 11
674 11 0 12
562 11 0 13
407 11 0 14
742 11 0 15
557 11 0 16
196 11 0 17
84 11 0 18
115 11 0 19
703 11 0 20
583 11 0 21
18 11 0 22
285 11 0 23
665 11 0 24
508 11 0 25
732 11 0 26
177 11 0 27
792 11 0 28
760 11 0 29
778 11 0 30
296 11 0 31
530 11 0 32
275 11 30 15
102 11 90 18
144 11 30 20
660 11 60 20
186 12 0 1
772 12 0 2
558 12 0 3
408 12 0 4
594 12 0 5
743 12 0 6
266 12 0 7
197 12 0 8
297 12 0 9
584 12 0 10
116 12 0 11
240 12 0 12
733 12 0 13
62 12 0 14
142 12 0 15
171 12 0 16
459 12 0 17
689 12 0 18
106 12 0 19
452 12 0 20
19 12 0 21
43 12 0 22
666 12 0 23
167 12 0 24
252 12 0 25
518 12 0 26
125 12 0 27
505 12 0 28
286 12 0 29
178 12 0 30
500 12 0 31
445 12 0 32
206 12 0 33
21 12 30 12
559 13 0 1
744 13 0 2
187 13 0 3
267 13 0 4
409 13 0 5
198 13 0 6
453 13 0 7
241 13 0 8
20 13 0 9
107 13 0 10
446 13 0 11
148 13 0 12
298 13 0 13
207 13 0 14
490 13 0 15
179 13 0 16
457 13 0 17
13 13 0 18
382 13 0 19
223 13 0 20
76 13 0 21
356 13 0 22
622 13 0 23
571 13 0 24
39 13 0 25
734 13 0 26
63 13 0 27
595 13 0 28
54 13 0 29
320 13 0 30
627 13 0 31
280 13 0 32
563 13 0 33
425 13 0 34
131 13 0 35
410 14 0 1
188 14 0 2
745 14 0 3
199 14 0 4
281 14 0 5
623 14 0 6
40 14 0 7
149 14 0 8
572 14 0 9
357 14 0 10
242 14 0 11
180 14 0 12
321 14 0 13
426 14 0 14
14 14 0 15
383 14 0 16
447 14 0 17
351 14 0 18
700 14 0 19
227 14 0 20
501 14 0 21
545 14 0 22
486 14 0 23
48 14 0 24
299 14 0 25
55 14 0 26
306 14 0 27
342 14 0 28
795 14 0 29
695 14 0 30
694 14 0 31
420 14 0 32
159 14 0 33
781 14 0 34
491 14 0 35
200 15 0 1
746 15 0 2
56 15 0 3
307 15 0 4
796 15 0 5
427 15 0 6
487 15 0 7
243 15 0 8
228 15 0 9
181 15 0 10
41 15 0 11
49 15 0 12
201 15 0 13
421 15 0 14
322 15 0 15
675 15 0 16
552 15 0 17
788 15 0 18
92 15 0 19
132 15 0 20
375 15 0 21
793 15 0 22
282 15 0 23
110 15 0 24
293 15 0 25
160 15 0 26
690 15 0 27
268 15 0 28
16 15 0 29
564 15 0 30
573 15 0 31
315 15 0 32
667 15 0 33
411 15 30 9
229 15 30 13
747 16 0 1
182 16 0 2
316 16 0 3
797 16 0 4
269 16 0 5
376 16 0 6
691 16 0 7
668 16 0 8
574 16 0 9
308 16 0 10
57 16 0 11
422 16 0 12
428 16 0 13
794 16 0 14
244 16 0 15
789 16 0 16
488 16 0 17
323 16 0 18
246 16 0 19
157 16 0 20
222 16 0 21
44 16 0 22
480 16 0 23
624 16 0 24
682 16 0 25
254 16 0 26
77 16 0 27
127 16 0 28
467 16 0 29
565 16 0 30
701 16 0 31
34 16 0 32
782 16 0 33
429 17 0 1
625 17 0 2
317 17 0 3
255 17 0 4
669 17 0 5
575 17 0 6
58 17 0 7
35 17 0 8
790 17 0 9
783 17 0 10
309 17 0 11
692 17 0 12
798 17 0 13
247 17 0 14
128 17 0 15
468 17 0 16
78 17 0 17
683 17 0 18
481 17 0 19
150 17 0 20
3 17 0 21
761 17 0 22
11 17 0 23
64 17 0 24
502 17 0 25
448 17 0 26
133 17 0 27
86 17 0 28
585 17 0 29
506 17 0 30
338 17 0 31
117 17 0 32
637 17 0 33
50 17 0 34
352 17 0 35
339 17 90 31
59 18 0 1
469 18 0 2
318 18 0 3
449 18 0 4
51 18 0 5
118 18 0 6
129 18 0 7
791 18 0 8
87 18 0 9
4 18 0 10
576 18 0 11
430 18 0 12
79 18 0 13
684 18 0 14
784 18 0 15
340 18 0 16
762 18 0 17
12 18 0 18
586 18 0 19
503 18 0 20
482 18 0 21
151 18 0 22
134 18 0 23
353 18 0 24
65 18 0 25
256 18 0 26
638 18 0 27
656 18 0 28
245 18 0 29
651 18 0 30
454 18 0 31
93 18 0 32
358 18 0 33
639 19 0 1
657 19 0 2
52 19 0 3
60 19 0 4
431 19 0 5
483 19 0 6
94 19 0 7
66 19 0 8
763 19 0 9
5 19 0 10
359 19 0 11
354 19 0 12
152 19 0 13
652 19 0 14
470 19 0 15
257 19 0 16
587 19 0 17
130 19 0 18
455 19 0 19
471 20 0 1
95 20 0 2
258 20 0 3
764 20 0 4
6 20 0 5
484 20 0 6
432 20 0 7
658 20 0 8
588 20 0 9
653 20 0 10
355 20 0 11
