241 1 0 1
311 1 0 2
277 1 0 3
275 1 0 4
6 1 0 5
310 1 0 6
297 1 0 7
111 1 0 8
147 1 0 9
238 1 0 10
211 1 0 11
82 1 0 12
165 1 0 13
208 1 0 14
325 1 0 15
61 1 0 16
37 1 0 17
4 1 0 18
321 1 0 19
73 1 0 20
114 1 15 1
183 1 30 1
87 1 90 1
76 1 105 1
346 1 15 2
53 1 30 2
273 1 90 2
258 1 105 2
313 1 15 3
200 1 75 3
361 1 90 3
128 1 105 3
290 1 15 4
176 1 30 4
339 1 90 4
314 1 105 4
78 1 15 5
123 1 75 5
34 1 90 5
357 1 105 5
132 1 15 6
216 1 75 6
49 1 90 6
154 1 105 6
370 1 15 7
388 1 75 7
251 1 90 7
215 1 105 7
256 1 15 8
28 1 75 8
97 1 90 8
207 1 105 8
288 1 15 9
353 1 75 9
86 1 90 9
291 1 105 9
303 1 15 10
342 1 30 10
189 1 90 10
399 1 105 10
69 1 15 11
263 1 75 11
26 1 90 11
88 1 105 11
3 1 60 12
217 1 15 13
195 1 75 13
287 1 90 13
127 1 105 13
63 1 15 14
278 1 105 14
48 1 60 15
375 1 15 16
296 1 75 16
186 1 90 16
358 1 105 16
359 1 15 17
172 1 30 17
331 1 15 18
169 1 75 18
351 1 90 18
79 1 105 18
59 1 15 19
188 1 30 19
335 1 15 20
364 1 105 20
40 2 0 1
209 2 0 2
319 2 0 3
372 2 0 4
64 2 0 5
204 2 0 6
133 2 15 1
85 2 30 1
68 2 90 1
196 2 105 1
104 2 60 2
101 2 75 2
328 2 90 2
115 2 105 2
45 2 15 3
318 2 105 3
174 2 15 4
77 2 75 4
198 2 90 4
385 2 105 4
153 2 60 5
139 2 60 6
106 3 0 1
20 3 0 2
58 3 0 3
96 3 0 4
221 3 0 5
175 3 0 6
253 3 0 7
12 3 15 1
283 3 75 1
294 3 90 1
168 3 105 1
81 3 60 2
239 3 60 3
83 3 60 4
84 3 60 5
190 3 75 5
93 3 90 5
348 3 105 5
187 3 15 6
21 3 75 6
18 3 90 6
47 3 105 6
382 3 60 7
315 4 0 1
240 4 0 2
232 4 0 3
267 4 0 4
57 4 0 5
31 4 0 6
341 4 0 7
108 4 0 8
54 4 60 1
8 4 75 1
286 4 90 1
323 4 105 1
250 4 15 2
177 4 75 2
213 4 90 2
36 4 105 2
51 4 90 3
337 4 105 3
19 4 60 4
398 4 60 5
227 4 75 5
134 4 90 5
400 4 105 5
65 4 60 6
52 4 90 7
260 4 105 7
327 4 60 8
395 5 0 1
324 5 0 2
344 5 0 3
121 5 0 4
98 5 0 5
369 5 0 6
38 5 0 7
109 5 15 1
143 5 75 1
220 5 90 1
22 5 105 1
110 5 60 2
391 5 60 3
383 5 75 3
261 5 90 3
113 5 105 3
326 5 90 4
384 5 105 4
164 5 15 5
354 5 105 5
103 5 60 6
126 5 15 7
214 5 30 7
380 5 90 7
17 5 105 7
362 6 0 1
135 6 0 2
102 6 0 3
56 6 0 4
222 6 0 5
332 6 0 6
371 6 0 7
249 6 0 8
7 6 15 1
151 6 30 1
152 6 90 1
25 6 105 1
298 6 15 2
322 6 105 2
43 6 60 3
75 6 15 4
243 6 30 4
368 6 90 4
170 6 105 4
144 6 90 5
181 6 105 5
55 6 60 6
197 6 90 7
320 6 105 7
378 6 60 8
242 7 0 1
99 7 0 2
125 7 0 3
30 7 0 4
212 7 0 5
308 7 0 6
387 7 0 7
276 7 0 8
24 7 0 9
307 7 0 10
244 7 15 1
312 7 75 1
245 7 90 1
1 7 105 1
393 7 15 2
92 7 30 2
365 7 90 2
301 7 105 2
201 7 15 3
202 7 75 3
32 7 90 3
225 7 105 3
112 7 90 4
118 7 105 4
129 7 15 5
247 7 75 5
91 7 90 5
185 7 105 5
360 7 15 6
107 7 75 6
178 7 90 6
137 7 105 6
330 7 60 7
336 7 75 7
374 7 90 7
120 7 105 7
274 7 15 8
389 7 75 8
60 7 90 8
50 7 105 8
161 7 60 9
94 7 75 9
396 7 90 9
179 7 105 9
229 7 15 10
289 7 105 10
386 8 0 1
11 8 0 2
226 8 0 3
5 8 0 4
334 8 0 5
138 8 0 6
130 8 0 7
124 8 60 1
89 8 75 1
305 8 90 1
295 8 105 1
39 8 15 2
90 8 105 2
194 8 15 3
381 8 75 3
105 8 90 3
284 8 105 3
140 8 90 4
119 8 105 4
162 8 15 5
367 8 75 5
23 8 90 5
264 8 105 5
350 8 15 6
363 8 105 6
16 8 60 7
166 9 0 1
192 9 0 2
205 9 0 3
142 9 0 4
141 9 0 5
268 9 0 6
352 9 15 1
345 9 75 1
259 9 90 1
265 9 105 1
155 9 90 2
180 9 105 2
35 9 60 3
338 9 60 4
146 9 75 4
299 9 90 4
300 9 105 4
377 9 60 5
252 9 75 5
72 9 90 5
285 9 105 5
159 9 15 6
62 9 75 6
272 9 90 6
231 9 105 6
145 10 0 1
269 10 0 2
379 10 0 3
14 10 0 4
156 10 0 5
182 10 0 6
347 10 0 7
376 10 0 8
306 10 15 1
349 10 105 1
13 10 90 2
309 10 105 2
131 10 15 3
340 10 75 3
27 10 90 3
67 10 105 3
246 10 15 4
160 10 75 4
33 10 90 4
355 10 105 4
150 10 15 5
228 10 75 5
266 10 90 5
74 10 105 5
392 10 90 6
304 10 105 6
317 10 60 7
184 10 60 8
71 11 0 1
29 11 0 2
356 11 0 3
193 11 0 4
390 11 0 5
262 11 0 6
279 11 15 1
70 11 30 1
163 11 45 1
136 11 105 1
281 11 15 2
199 11 75 2
373 11 90 2
9 11 105 2
270 11 15 3
302 11 75 3
223 11 90 3
271 11 105 3
292 11 15 4
316 11 105 4
122 11 15 5
343 11 75 5
167 12 0 1
280 12 0 2
224 12 0 3
10 12 0 4
203 12 0 5
15 12 0 6
248 12 0 7
230 12 15 1
66 12 30 1
95 12 45 1
158 12 60 1
116 12 75 1
235 12 90 1
80 12 105 1
233 12 60 2
234 12 75 2
117 12 90 2
329 13 0 1
254 13 0 2
394 13 0 3
236 13 0 4
206 13 0 5
148 13 15 1
149 13 30 1
41 13 45 1
100 14 0 1
237 14 0 2
397 14 0 3
