1 [ ] [ 30 4 ] [ 29 5 14 ] [ 19 ] [ 22 15 2 6 3 ] [ 7 ] [ 28 ] [ 12 ] [ 16 ] [ 27 ] [ 10 ] [ 23 1 8 ] [ 17 ] [ 21 ] [ 13 ] [ 26 ] [ 24 ] [ 25 18 ] [ 20 ] [ 11 ] [ 9 ]
2 [ 8 25 ] [ 26 18 4 17 30 22 29 7 ] [ 20 6 2 23 19 10 5 15 ] [ 24 27 9 28 16 21 3 ] [ 12 14 1 ] [ 13 ] [ 11 ]
3 [ 5 ] [ 20 6 11 9 2 4 29 ] [ 7 19 15 10 14 ] [ 22 28 12 3 27 ] [ 1 17 16 ] [ 23 8 21 24 26 ] [ 30 13 25 ] [ 18 ]
4 [ 5 ] [ 8 30 14 22 6 29 ] [ 4 ] [ 19 15 7 2 ] [ 12 27 16 28 3 ] [ 10 23 1 17 21 ] [ 20 25 26 9 13 24 ] [ 11 ] [ 18 ]
5 [ 5 ] [ 24 13 25 23 21 30 29 22 ] [ 9 28 18 6 12 ] [ 17 19 15 7 4 ] [ 2 27 14 ] [ 20 3 11 8 26 16 ] [ 10 ] [ 1 ]
6 [ ] [ 20 2 4 30 14 29 5 ] [ 27 15 28 7 16 ] [ 11 10 12 6 3 ] [ 24 19 22 13 1 9 23 ] [ 8 17 26 ] [ 25 ] [ 21 ] [ 18 ]
7 [ 20 ] [ 18 25 4 8 29 5 30 15 ] [ 13 24 7 22 28 16 6 10 ] [ 11 2 23 27 26 ] [ 3 ] [ 12 1 ] [ 14 ] [ 17 ] [ 9 ] [ 19 ] [ 21 ]
8 [ 28 29 ] [ 25 11 6 2 15 5 30 ] [ 18 22 1 14 12 4 16 ] [ 7 ] [ 19 3 23 8 21 ] [ 24 17 26 27 9 13 ] [ 10 ] [ 20 ]
9 [ 29 ] [ 11 4 22 2 12 6 5 ] [ 7 28 16 30 19 ] [ 24 3 23 15 27 ] [ 25 18 17 14 10 ] [ 1 13 26 8 9 ] [ 21 20 ]
10 [ 5 ] [ 7 12 20 16 1 29 ] [ 19 2 3 27 30 ] [ 4 22 15 28 ] [ 11 18 17 13 6 ] [ 14 24 26 9 10 ] [ 23 8 ] [ 21 ] [ 25 ]
11 [ 5 21 26 ] [ 25 27 7 13 29 4 ] [ 14 19 22 28 2 ] [ 15 6 10 16 30 ] [ 23 1 12 8 24 ] [ 9 3 18 17 20 ] [ 11 ]
12 [ 12 ] [ 20 4 23 25 15 10 29 5 7 ] [ 18 2 26 27 21 16 ] [ 19 30 ] [ 14 22 28 ] [ 6 ] [ 3 ] [ 1 24 8 13 17 9 11 ]
13 [ 29 19 23 1 17 26 9 18 ] [ 25 11 24 20 2 5 16 ] [ 22 6 10 27 4 ] [ 28 15 30 12 8 ] [ 14 ] [ 21 13 7 3 ]
14 [ 16 28 6 12 10 23 27 1 13 17 21 24 26 25 11 20 18 ] [ 3 8 2 30 9 29 5 ] [ 4 ] [ 14 19 22 15 7 ]
