9 1 0 1
93 1 0 2
20 1 0 3
69 1 0 4
16 1 0 5
64 2 0 1
7 2 0 2
11 2 0 3
66 2 0 4
92 2 0 5
85 2 0 6
4 2 0 7
98 2 60 6
19 2 60 7
82 3 0 1
78 3 0 2
47 3 0 3
18 3 60 1
8 3 60 2
36 3 60 3
48 4 0 1
95 4 0 2
79 4 0 3
43 4 0 4
40 4 0 5
13 4 0 6
76 4 0 7
71 4 60 1
38 4 75 1
37 4 90 1
41 4 105 1
90 4 60 2
87 4 75 2
91 4 90 2
10 4 105 2
28 4 60 3
35 4 75 3
61 4 90 3
45 4 105 3
55 4 56 4
67 4 71 4
15 4 86 4
24 4 101 4
1 4 15 5
2 4 30 5
60 4 45 5
5 4 60 5
44 4 75 5
89 4 90 5
84 4 105 5
23 4 15 6
63 4 30 6
51 4 45 6
56 4 60 6
70 4 75 6
80 4 90 6
88 4 105 6
97 4 15 7
6 4 30 7
33 4 45 7
46 4 60 7
49 4 75 7
54 4 90 7
65 4 105 7
42 5 0 1
39 5 0 2
73 5 0 3
94 5 0 4
12 5 0 5
27 5 0 6
86 5 0 7
62 5 15 2
53 5 30 2
96 5 45 2
99 5 60 2
72 5 75 2
57 5 83 2
32 5 98 2
26 5 15 3
17 5 30 3
21 5 45 3
50 5 60 3
52 5 75 3
3 5 15 4
83 5 60 7
100 6 0 1
14 6 0 2
29 6 0 3
58 6 0 4
74 6 60 2
34 6 75 2
31 6 90 2
81 6 105 2
77 6 60 3
25 7 0 1
22 7 0 2
68 7 0 3
75 7 0 4
59 7 0 5
30 7 60 3
