66 1 0 1
87 1 0 2
53 1 0 3
13 1 0 4
40 2 0 1
70 2 0 2
82 2 0 3
24 2 0 4
92 2 0 5
26 2 0 6
25 2 0 7
65 2 60 7
27 3 0 1
12 3 0 2
29 3 0 3
42 3 0 4
16 3 0 5
93 3 92 2
11 3 60 3
79 3 60 4
38 3 60 5
88 4 0 1
20 4 0 2
6 4 0 3
36 4 60 1
35 4 60 2
7 4 60 3
34 5 0 1
61 5 0 2
8 5 0 3
77 5 60 1
85 5 60 2
18 5 60 3
10 6 0 1
32 6 0 2
22 6 0 3
72 6 60 1
63 6 60 2
75 6 60 3
73 7 0 1
76 7 0 2
80 7 0 3
9 7 0 4
96 7 0 5
19 7 0 6
89 7 60 1
30 7 60 2
31 7 60 3
55 7 60 4
59 7 60 5
64 7 60 6
74 8 0 1
90 8 0 2
68 8 0 3
81 8 0 4
97 8 0 5
98 8 60 2
41 8 60 3
54 8 75 3
67 8 90 3
69 8 105 3
49 8 60 4
21 8 60 5
56 9 0 1
95 9 0 2
58 9 0 3
50 9 0 4
83 9 0 5
37 9 60 1
14 9 75 1
99 9 90 1
78 9 105 1
5 9 52 2
71 9 67 2
39 9 15 3
52 9 30 3
91 9 45 3
1 9 105 3
2 9 15 4
84 10 0 1
3 10 0 2
44 10 60 2
86 11 0 1
94 11 0 2
46 11 0 3
57 11 0 4
100 11 60 1
15 11 60 2
62 11 60 3
43 11 60 4
33 12 0 1
47 12 0 2
23 12 0 3
60 12 0 4
28 12 0 5
51 12 60 1
17 12 60 2
48 13 0 1
45 13 0 2
4 13 60 1
