1 [ 1 ] [ 11 13 ] [ 5 6 2 12 15 10 ] [ 14 4 7 8 9 ] [ 3 ]
2 [ 3 13 15 ] [ 11 ] [ 5 6 2 12 1 10 ] [ 14 ] [ 4 ] [ 7 ] [ 8 ] [ 9 ]
3 [ ] [ 11 ] [ 13 5 6 ] [ 2 12 15 1 10 ] [ 14 4 7 8 9 ] [ 3 ]
4 [ 2 8 13 ] [ 11 5 6 12 15 1 10 14 4 7 ] [ 9 ] [ 3 ]
5 [ 2 7 8 9 ] [ 11 13 5 6 12 ] [ 15 1 10 14 4 ] [ 3 ]
6 [ 2 4 ] [ 11 13 5 6 ] [ 12 15 1 10 ] [ 14 7 8 9 3 ]
7 [ 3 8 12 15 ] [ 11 13 5 6 2 ] [ 1 10 ] [ 14 ] [ 4 ] [ 7 ] [ 9 ]
8 [ 1 10 11 ] [ 13 5 6 2 ] [ 12 15 14 4 7 ] [ 8 ] [ 9 ] [ 3 ]
9 [ 2 4 ] [ 11 ] [ 13 5 ] [ 6 12 15 1 10 ] [ 14 7 8 9 ] [ 3 ]
10 [ 2 4 5 10 12 15 ] [ 11 13 6 1 14 ] [ 7 8 9 3 ]
11 [ 2 ] [ 11 13 5 6 12 15 ] [ 1 10 14 4 7 8 ] [ 9 ] [ 3 ]
12 [ 2 12 14 ] [ 11 ] [ 13 5 ] [ 6 15 1 10 4 ] [ 7 ] [ 8 9 3 ]
13 [ 1 3 9 7 8 ] [ 11 13 5 6 2 ] [ 12 15 10 14 4 ]
