1 1 0 1
6 1 0 2
7 1 0 3
8 1 0 4
10 1 0 5
16 1 0 6
27 1 0 7
28 1 0 8
29 1 0 9
33 1 0 10
34 1 0 11
36 1 0 12
40 1 0 13
45 1 0 14
47 1 0 15
49 1 0 16
70 1 0 17
61 1 30 2
71 1 45 2
73 1 60 2
79 1 90 2
83 1 15 3
102 1 45 3
108 1 15 4
62 1 30 14
81 1 45 14
65 1 75 14
2 2 0 1
11 2 0 2
17 2 0 3
30 2 0 4
35 2 0 5
37 2 0 6
41 2 0 7
48 2 0 8
50 2 0 9
51 2 0 10
57 2 0 11
58 2 0 12
66 2 0 13
72 2 0 14
74 2 0 15
109 2 0 16
80 2 30 15
82 2 45 15
86 2 60 15
89 2 75 15
107 2 105 15
18 3 0 1
31 3 0 2
38 3 0 3
42 3 0 4
52 3 0 5
59 3 0 6
67 3 0 7
84 3 0 8
87 3 0 9
90 3 0 10
93 3 0 11
96 3 0 12
97 3 0 13
98 3 0 14
116 3 0 15
63 3 30 13
32 4 0 1
39 4 0 2
43 4 0 3
60 4 0 4
68 4 0 5
85 4 0 6
88 4 0 7
91 4 0 8
94 4 0 9
99 4 0 10
106 4 0 11
112 4 0 12
118 4 0 13
3 4 0 14
12 4 0 15
64 4 0 16
44 4 15 16
69 5 0 1
92 5 0 2
95 5 0 3
100 5 0 4
113 5 0 5
119 5 0 6
4 5 0 7
13 5 0 8
53 5 0 9
103 5 0 10
110 5 0 11
19 5 0 12
75 5 0 13
9 5 0 14
24 5 0 15
101 6 0 1
114 6 0 2
120 6 0 3
5 6 0 4
14 6 0 5
54 6 0 6
104 6 0 7
111 6 0 8
117 6 0 9
20 6 0 10
76 6 0 11
23 6 0 12
25 6 0 13
46 6 30 9
115 7 0 1
15 7 0 2
55 7 0 3
105 7 0 4
21 7 0 5
77 7 0 6
26 7 0 7
56 8 0 1
22 8 0 2
78 8 0 3
